      1,          10.,           5.
      2,         -10.,           5.
      3,         -10.,          -5.
      4,          10.,          -5.
      5,  -3.05799603, -0.555000007
      6,  0.555000007,   3.04457569
      7,   2.98049998,  0.490924418
      8, -0.477503866,  -2.98049998
      9,  -2.35700011,  -1.17850006
     10,   1.17850006,   2.35700011
     11,   2.35700011,   1.17850006
     12,  -1.17850006,  -2.35700011
     13,   8.82352924,           5.
     14,   7.64705896,           5.
     15,   6.47058821,           5.
     16,   5.29411745,           5.
     17,   4.11764717,           5.
     18,   2.94117641,           5.
     19,    1.7647059,           5.
     20,  0.588235319,           5.
     21, -0.588235319,           5.
     22,   -1.7647059,           5.
     23,  -2.94117641,           5.
     24,  -4.11764717,           5.
     25,  -5.29411745,           5.
     26,  -6.47058821,           5.
     27,  -7.64705896,           5.
     28,  -8.82352924,           5.
     29,         -10.,         3.75
     30,         -10.,          2.5
     31,         -10.,         1.25
     32,         -10.,           0.
     33,         -10.,        -1.25
     34,         -10.,         -2.5
     35,         -10.,        -3.75
     36,  -8.82352924,          -5.
     37,  -7.64705896,          -5.
     38,  -6.47058821,          -5.
     39,  -5.29411745,          -5.
     40,  -4.11764717,          -5.
     41,  -2.94117641,          -5.
     42,   -1.7647059,          -5.
     43, -0.588235319,          -5.
     44,  0.588235319,          -5.
     45,    1.7647059,          -5.
     46,   2.94117641,          -5.
     47,   4.11764717,          -5.
     48,   5.29411745,          -5.
     49,   6.47058821,          -5.
     50,   7.64705896,          -5.
     51,   8.82352924,          -5.
     52,          10.,        -3.75
     53,          10.,         -2.5
     54,          10.,        -1.25
     55,          10.,           0.
     56,          10.,         1.25
     57,          10.,          2.5
     58,          10.,         3.75
     59,  -2.15474701,  0.344893903
     60,   -1.2514981,   1.24478781
     61, -0.348249018,   2.14468169
     62,   1.54254591,   3.53952956
     63,   2.63064528,   3.34909272
     64,   3.39138746,   2.54815698
     65,   3.52559924,   1.45170188
     66,   2.11599898, -0.376931697
     67,    1.2514981,  -1.24478781
     68,  0.386997104,  -2.11264396
     69,    -1.442186,  -3.54370403
     70,  -2.55211568,  -3.41774178
     71,  -3.36605787,  -2.65268731
     72,  -3.56044292,  -1.55267608
     73,  -2.21557999,  -1.03708005
     74,   -2.0741601, -0.895659983
     75,  -1.93273997, -0.754239976
     76,  -1.79131997, -0.612820029
     77,  -1.64989996, -0.471399993
     78,  -1.50847995, -0.329979986
     79,  -1.36705995, -0.188559994
     80,  -1.22564006, -0.0471399985
     81,  -1.08422005, 0.0942799971
     82, -0.942799985,  0.235699996
     83, -0.801379979,  0.377119988
     84, -0.659959972,  0.518540025
     85, -0.518540025,  0.659959972
     86, -0.377119988,  0.801379979
     87, -0.235699996,  0.942799985
     88, -0.0942799971,   1.08422005
     89, 0.0471399985,   1.22564006
     90,  0.188559994,   1.36705995
     91,  0.329979986,   1.50847995
     92,  0.471399993,   1.64989996
     93,  0.612820029,   1.79131997
     94,  0.754239976,   1.93273997
     95,  0.895659983,    2.0741601
     96,   1.03708005,   2.21557999
     97,   1.33663929,   2.48089433
     98,   1.51983321,   2.56334305
     99,   1.71743512,   2.59955502
    100,   1.91796112,   2.58742547
    101,   2.10975742,   2.52765918
    102,   2.28167748,    2.4237299
    103,    2.4237299,   2.28167748
    104,   2.52765918,   2.10975742
    105,   2.58742547,   1.91796112
    106,   2.59955502,   1.71743512
    107,   2.56334305,   1.51983321
    108,   2.48089433,   1.33663929
    109,   2.21557999,   1.03708005
    110,    2.0741601,  0.895659983
    111,   1.93273997,  0.754239976
    112,   1.79131997,  0.612820029
    113,   1.64989996,  0.471399993
    114,   1.50847995,  0.329979986
    115,   1.36705995,  0.188559994
    116,   1.22564006, 0.0471399985
    117,   1.08422005, -0.0942799971
    118,  0.942799985, -0.235699996
    119,  0.801379979, -0.377119988
    120,  0.659959972, -0.518540025
    121,  0.518540025, -0.659959972
    122,  0.377119988, -0.801379979
    123,  0.235699996, -0.942799985
    124, 0.0942799971,  -1.08422005
    125, -0.0471399985,  -1.22564006
    126, -0.188559994,  -1.36705995
    127, -0.329979986,  -1.50847995
    128, -0.471399993,  -1.64989996
    129, -0.612820029,  -1.79131997
    130, -0.754239976,  -1.93273997
    131, -0.895659983,   -2.0741601
    132,  -1.03708005,  -2.21557999
    133,  -1.33663929,  -2.48089433
    134,  -1.51983321,  -2.56334305
    135,  -1.71743512,  -2.59955502
    136,  -1.91796112,  -2.58742547
    137,  -2.10975742,  -2.52765918
    138,  -2.28167748,   -2.4237299
    139,   -2.4237299,  -2.28167748
    140,  -2.52765918,  -2.10975742
    141,  -2.58742547,  -1.91796112
    142,  -2.59955502,  -1.71743512
    143,  -2.56334305,  -1.51983321
    144,  -2.48089433,  -1.33663929
    145,  0.540812016,   4.11630678
    146,    4.6350832,   1.54216814
    147,   3.79520464,   3.85102725
    148,   3.97971368,   0.38366577
    149,  -4.49831104,  -2.62121487
    150,  -3.71111608,  -3.76388025
    151,  -0.29984653,  -4.08722544
    152,  -4.46654463, -0.251211256
    153,   -7.1033268,  -3.93081784
    154,   8.37593365,   3.90799117
    155,  -1.00710678,   3.98399162
    156,   4.78761435,   4.18320322
    157,   5.81177807,   4.02851009
    158,   7.06397343,    3.9411931
    159,    1.0650636,  -3.96465731
    160,  -4.83745098,  -3.90496683
    161,  -5.94662571,  -3.97910619
    162,  -8.38722992,  -3.90006351
    163,  -2.29077196,   3.91164589
    164,   2.29710269,  -3.90723681
    165,   -8.3899107,   3.89304781
    166,  -7.10940552,   3.91686535
    167,  -5.89407396,   3.96415854
    168,  -4.71600866,   3.97082186
    169,  -3.52915525,   3.94118738
    170,   8.38767624,   -3.9067781
    171,   7.11085033,   -3.9265511
    172,   5.89190865,  -3.96969533
    173,   4.71057367,  -3.97329402
    174,   3.52194023,  -3.94078612
    175,  0.446694195,  -3.16749859
    176,   3.26794696,  -0.61198014
    177,   1.54784274,  -2.69021654
    178,   2.46466303,  -1.58525562
    179,  -8.91449261,  -1.90591621
    180,  -8.91823483, -0.646432936
    181,  -8.91796398,  0.635711372
    182,  -8.92868042,   1.89368343
    183,   8.91161156,   1.90700805
    184,   8.92071629,  0.646179616
    185,   8.92220306, -0.642828941
    186,   8.92742634,  -1.90896726
    187,   -3.3719492,  0.656488121
    188,   -2.4989109,   1.59790671
    189,  -1.53182924,    2.6994071
    190,   4.91866446,   3.04081392
    191,  -5.51266575,  -3.08070564
    192,   1.88397717,   4.20098591
    193,  -2.17504597,  -4.24036121
    194,     6.322258,   2.95414639
    195,  -6.51588345,  -2.92834258
    196,  -6.50104332,   2.89098525
    197,   6.50847673,  -2.90863681
    198,  -4.17097473,   2.90257692
    199,   4.16038704,  -2.89439511
    200,   2.94436431,  -2.79741216
    201,  -2.95432401,   2.81161785
    202,    5.3442235,   -2.9273541
    203,  -5.34083176,   2.92144704
    204,   3.67666554,  -1.76356041
    205,  -9.01552105,  -2.95476079
    206,   9.00786781,   2.95816827
    207,   9.02458954,  -2.95832133
    208,  -7.84452438,  -1.33274102
    209,  -7.80501318, -0.0101634255
    210,   7.83200359,   1.28804231
    211,   7.85027218, -0.0484819487
    212,  -7.83674335,   1.31486225
    213,   7.86619806,  -1.35384107
    214, -0.358274609,   3.19779253
    215,  -3.69228387,   1.81301117
    216,   7.74544144,   2.68532157
    217,  -7.81848717,  -2.69615507
    218,  -7.81569862,   2.68342066
    219,   7.82734203,  -2.70229554
    220,   4.38485956, -0.770299137
    221,   6.70873022,   1.78082967
    222,  -6.92906809,  -1.93779802
    223,  -5.92917252,   1.87751937
    224,   5.97773457,  -1.90972328
    225,  -5.77067852,  -1.95808315
    226,  -4.80504751,   1.89779019
    227,   5.05335665,  0.209422886
    228,  -6.60639668, -0.779892623
    229,    6.8221674,  0.533313811
    230,   6.71076775, -0.806623697
    231,  -6.60254622,  0.731380463
    232,  -9.02685738,   2.94403052
    233,   4.84093666,  -1.86462605
    234,  -5.31690359,  0.863456964
    235,   5.68247986,    2.0667243
    236,   5.49312115, -0.855681002
    237,   6.97810364,   -1.9362241
    238,  -6.93704081,   1.89963353
    239,   -4.3305459,  0.995907068
    240,  -5.70095301, -0.0666703954
    241,   5.81548166,   1.02337027
    242,  -5.46258831, -0.901340067
    243,   5.97897911, 0.0207604542
    244,  -4.75171328,  -1.45690513
    245,   -0.2749376,  -1.68101323
    246,  -1.12292743,   0.28360334
    247,  -1.46056604, -0.000412537513
    248,  -1.70163703,  -0.26467675
    249,  -1.81313455, -0.417018473
    250,  0.305675834,  -1.11609352
    251, 0.0565605275,  -1.42988515
    252,   2.25856543,  0.858026624
    253,  0.306740731,   1.70335138
    254,   1.69552422,  0.290523946
    255,  0.725560069,   2.11002254
    256, -0.342889965,   1.15365958
    257, -0.495503247,  0.979210377
    258, -0.582758427,  0.828433752
    259, -0.741572499,  0.724160254
    260, -0.915505588,  0.555731654
    261,  -1.01436019,  0.392636895
    262,   1.10085809, -0.316216856
    263,  0.808303475, -0.621525109
    264,  0.598220587, -0.870934844
    265,  0.602371752,    1.9907887
    266,   2.14929485,  0.691422701
    267,  0.438157499,   1.87667274
    268,  0.138506278,   1.60167277
    269,   1.86466575,  0.404705167
    270,    1.5866127,  0.119267002
    271,  0.896929681,   2.30971384
    272, -0.0515288599,   1.43809354
    273,  -0.17127414,   1.27051842
    274,  -1.29499984,  0.175429806
    275,  -1.55462945, -0.158512503
    276,  -1.98025346, -0.525892377
    277,  -2.10996461,  -0.69248718
    278,   1.98776603,  0.566678882
    279,   1.40111697, -0.0944102705
    280, -0.556631505,  -2.00217223
    281,  -2.27618456, -0.824606657
    282, -0.784483194,  -2.25791693
    283,   2.41862965,  0.967344463
    284,  -2.39688587,  -1.00669956
    285, -0.990562439,  -2.38900352
    286,    1.1258812,   2.56208563
    287,   2.58861804,     1.141379
    288,  -1.13119936,  -2.56241369
    289,   -2.5710218,  -1.14916897
    290,  -2.52117538,  -2.48429513
    291,  -2.07405114,  -2.76027584
    292,  -2.78402567,  -1.60041773
    293,  -2.76075625,   -2.0797255
    294,   -1.3517015,  -2.70878863
    295,  -1.58124256,   -2.7823441
    296,    2.7546823,   2.07208061
    297,   2.71637511,   1.35656786
    298,   2.80070829,   1.81915414
    299,  -1.81913924,  -2.80719066
    300,  -2.71691561,  -1.37202871
    301,    1.3645786,   2.71366477
    302,  -2.80676627,  -1.83798218
    303,   1.83461666,   2.80179167
    304,   1.59839022,   2.78375268
    305,   2.64349031,   2.31926298
    306,   2.28994751,   2.65640712
    307,  -2.32306385,  -2.64888382
    308,   2.78182817,     1.582968
    309,    2.0773685,   2.75845742
    310,  -2.66275764,  -2.29351425
    311,   2.48134995,   2.52125287
    312,  -1.94663727, -0.223621026
    313,   1.85787451,  0.112641022
    314,  -1.29188275,  0.502108037
    315,   0.48292622,   2.24609661
    316,  0.152781874,   1.87982166
    317, -0.657875299,   1.15892577
    318, -0.997026443,   0.79855597
    319,  -1.58751988,  0.202617198
    320,   1.68089974, -0.142544195
    321, -0.104660325,   1.70304978
    322,  -2.30029225, -0.475673407
    323,   2.44481087,  0.710400701
    324,  -2.58491635, -0.861014366
    325, -0.816441655,  -2.56479287
    326,    2.6675117,  0.887153149
    327,   1.14876771,   2.91041827
    328,   2.91098404,   1.12685132
    329,  -2.91439748,  -1.16017723
    330,  -1.10790575,  -2.89105034
    331,   1.46862137,   2.99606895
    332,   2.01236439,    3.0664618
    333,  -3.07721496,  -2.02077746
    334,  -3.00301647,  -1.47590363
    335,   2.92269468,   2.31022215
    336,  -2.31339288,  -2.93481088
    337,   3.03224802,   1.65215182
    338,  -1.97512722,  -3.08332753
    339,  -1.42658281,  -2.99242592
    340,  -1.64885557,  -3.04179835
    341,  -2.82468462,  -2.50154448
    342,   2.30029416,    2.9277606
    343,  -2.93829417,  -2.30964994
    344,   3.07121992,   1.97557795
    345,  -2.65008163,  -2.77332711
    346,   2.49206924,   2.81851387
    347,   2.99340701,   1.43404818
    348,  -3.04629326,  -1.69755149
    349,   2.76027274,   2.64441705
    350,   1.69130766,   3.03752089
    351, -0.152431831,  -1.96787512
    352,  0.700043678,  -1.11997604
    353,   1.09831274,  -0.71298188
    354,   0.46471411,  -1.45898652
    355,  0.891275704, -0.914041102
    356, 0.0961804539,  -1.73008072
    357,   1.44144738, -0.481312126
    358, -0.400082499,  -2.31431675
    359,  0.841900945,   2.61457801
    360,   2.20013022,    0.3714059
    361,  -1.73428941, -0.0166186187
    362, -0.418282241,   1.44481671
    363,  -0.78770566,  0.955678999